sig: [2.45107019e-40 4.74535551e-40 4.43178576e-40 4.50320998e-40
 5.89336919e-40 7.14067996e-40 7.21384624e-40 7.90021557e-40
 6.88285595e-40]
sel: [1.27344158e-40 1.97374735e-40 2.16885742e-40 3.00678546e-40
 4.26977472e-40 5.50837522e-40 5.81497676e-40 6.54663950e-40
 5.54495836e-40]
sig@response: [1.90102804e-40 2.32313025e-40 2.32856557e-40 3.10539921e-40
 4.17754163e-40 5.23929990e-40 5.62024404e-40 6.25222390e-40
 5.81339167e-40]
sig@response - sel: [ 6.27586461e-41  3.49382901e-41  1.59708155e-41  9.86137431e-42
 -9.22330905e-42 -2.69075330e-41 -1.94732711e-41 -2.94415602e-41
  2.68433305e-41]
sqrt(cov diag): [4.96187187e-42 5.66749753e-42 8.25599039e-42 6.78035397e-42
 7.62447996e-42 7.62398122e-42 7.88457038e-42 8.25230285e-42
 6.07461941e-42]
sqrt(cov diag)/sel*100: [3.89642676 2.87144022 3.80660818 2.25501754 1.78568671 1.38407078
 1.35590746 1.26054029 1.0955212 ]
sigma_tilde: [1.94910245e-40 2.43007961e-40 3.14233628e-40 3.71017040e-40
 4.90912247e-40 6.04136502e-40 6.20628267e-40 6.97257611e-40
 6.02750736e-40]
xsec_unit: 2.171289064868864e-43
bins: [-1.   -0.5   0.    0.27  0.45  0.62  0.76  0.86  0.94  1.  ]
bin_widths: [0.5  0.5  0.27 0.18 0.17 0.14 0.1  0.08 0.06]
sig_unfold_bw: [2.50673624e-40 4.61144594e-40 4.54012863e-40 4.51034790e-40
 5.93113015e-40 7.15734271e-40 7.16146864e-40 7.89081443e-40
 6.91306732e-40]
sig_smear_bw: [2.50673624e-40 4.61144594e-40 4.54012863e-40 4.51034790e-40
 5.93113015e-40 7.15734271e-40 7.16146864e-40 7.89081443e-40
 6.91306732e-40]
unfold cov diag: [1.32375746e-82 1.58190953e-82 1.20417545e-82 1.29666902e-82
 1.23233607e-82 8.35802967e-83 1.32330734e-82 1.74075183e-82
 7.12802562e-83]
cov eigenvalues: min=1.091316e-83 max=3.576268e-82 cond=3.277025e+01
    eigvalue 0: 1.09e-83
    eigvalue 1: 2.08e-83
    eigvalue 2: 5.30e-83
    eigvalue 3: 6.17e-83
    eigvalue 4: 8.40e-83
    eigvalue 5: 1.26e-82
    eigvalue 6: 1.66e-82
    eigvalue 7: 2.45e-82
    eigvalue 8: 3.58e-82
  pinv_rcond=0.0001 -> drop eig < 3.576268e-86 (0 modes)
  retained variance: 1.000000e+00
inv_cov = [[ 1.28981858e+82 -5.31619781e+81  6.23554464e+81  1.77136732e+81
  -7.19033142e+81  1.21381868e+82 -3.50732552e+81  7.49975954e+81
   2.07231205e+81]
 [-5.31619781e+81  1.83879238e+82 -7.31019486e+81  6.14893068e+80
   1.36924539e+82 -1.23951687e+82  1.51227964e+82 -4.33847157e+81
   4.80822296e+81]
 [ 6.23554464e+81 -7.31019486e+81  1.37755778e+82  1.20899297e+81
  -4.34465964e+81  8.95461705e+81 -6.03796128e+81  5.19239130e+81
   7.76878673e+80]
 [ 1.77136732e+81  6.14893068e+80  1.20899297e+81  1.56115588e+82
  -6.83963485e+81  1.13756028e+82 -7.13728171e+81  5.04986665e+81
   1.53293764e+81]
 [-7.19033142e+81  1.36924539e+82 -4.34465964e+81 -6.83963485e+81
   3.02573416e+82 -1.88715439e+82  2.28304943e+82 -7.92166355e+81
   6.39745123e+81]
 [ 1.21381868e+82 -1.23951687e+82  8.95461705e+81  1.13756028e+82
  -1.88715439e+82  3.94983735e+82 -9.65067183e+81  1.84947107e+82
   1.29129886e+81]
 [-3.50732552e+81  1.51227964e+82 -6.03796128e+81 -7.13728171e+81
   2.28304943e+82 -9.65067183e+81  3.40980497e+82  2.61260771e+81
   1.02258284e+82]
 [ 7.49975954e+81 -4.33847157e+81  5.19239130e+81  5.04986665e+81
  -7.92166355e+81  1.84947107e+82  2.61260771e+81  1.97416588e+82
   9.26654679e+81]
 [ 2.07231205e+81  4.80822296e+81  7.76878673e+80  1.53293764e+81
   6.39745123e+81  1.29129886e+81  1.02258284e+82  9.26654679e+81
   2.32534876e+82]]
inv_cov diagonal: [1.28981858e+82 1.83879238e+82 1.37755778e+82 1.56115588e+82
 3.02573416e+82 3.94983735e+82 3.40980497e+82 1.97416588e+82
 2.32534876e+82]
diff**2 = [8.78426406e-100 3.33322624e-099 1.13226322e-099 1.66051308e-100
 1.18804611e-099 4.81740852e-100 1.22224016e-102 9.98375154e-101
 1.96970591e-099]
diff = [-2.96382592e-50 -5.77340995e-50 -3.36491191e-50 -1.28860897e-50
 -3.44680448e-50 -2.19485957e-50 -1.10554971e-51 -9.99187247e-51
 -4.43813689e-50]
inv_cov @ diff**2 = [ 3.09576369e-18  6.77983948e-17 -1.89734440e-18  8.43598156e-18
  7.19628872e-17 -1.76396153e-17  8.22240023e-17  1.85694496e-17
  7.39441639e-17]
chi2_val = 2.3663385773047248e-16
